 0.487179487000000  0.333333333000000  1.000000000000000  3.000000000000000 
 0.333333333000000  0.200000000000000  1.000000000000000  3.000000000000000 
 0.692307692000000  1.000000000000000  0.000000000000000  1.000000000000000 
 0.871794872000000  0.666666667000000  0.000000000000000  1.000000000000000 
 0.717948718000000  0.400000000000000  0.000000000000000  0.000000000000000 
 0.794871795000000  0.866666667000000  0.000000000000000  1.000000000000000 
 0.410256410000000  0.266666667000000  1.000000000000000  3.000000000000000 
 0.230769231000000  0.266666667000000  1.000000000000000  3.000000000000000 
 0.512820513000000  0.333333333000000  0.000000000000000  0.000000000000000 
 0.487179487000000  0.666666667000000  0.000000000000000  0.000000000000000 
 0.435897436000000  0.266666667000000  1.000000000000000  3.000000000000000 
 0.666666667000000  0.266666667000000  0.000000000000000  0.000000000000000 
 0.589743590000000  0.600000000000000  0.000000000000000  0.000000000000000 
 0.461538462000000  0.533333333000000  0.000000000000000  0.000000000000000 
 0.256410256000000  0.000000000000000  1.000000000000000  3.000000000000000 
 1.000000000000000  0.866666667000000  0.000000000000000  1.000000000000000 
 0.615384615000000  0.733333333000000  0.000000000000000  1.000000000000000 
 0.153846154000000  0.200000000000000  1.000000000000000  3.000000000000000 
 0.358974359000000  0.266666667000000  1.000000000000000  3.000000000000000 
 0.076923077000000  0.000000000000000  1.000000000000000  3.000000000000000 
 0.589743590000000  0.866666667000000  0.000000000000000  1.000000000000000 
 0.230769231000000  0.133333333000000  1.000000000000000  3.000000000000000 
 0.461538462000000  0.266666667000000  1.000000000000000  3.000000000000000 
 0.410256410000000  0.200000000000000  1.000000000000000  3.000000000000000 
 0.692307692000000  0.866666667000000  0.000000000000000  1.000000000000000 
 0.538461538000000  0.533333333000000  0.000000000000000  0.000000000000000 
 0.256410256000000  0.200000000000000  1.000000000000000  3.000000000000000 
 0.666666667000000  0.933333333000000  0.000000000000000  1.000000000000000 
 0.538461538000000  0.666666667000000  0.000000000000000  0.000000000000000 
 0.794871795000000  0.600000000000000  0.000000000000000  0.000000000000000 
 0.794871795000000  1.000000000000000  0.000000000000000  1.000000000000000 
 0.512820513000000  0.666666667000000  0.000000000000000  0.000000000000000 
 0.487179487000000  0.533333333000000  0.000000000000000  0.000000000000000 
 0.923076923000000  0.733333333000000  0.000000000000000  1.000000000000000 
 0.641025641000000  0.533333333000000  0.000000000000000  0.000000000000000 
 0.538461538000000  0.600000000000000  0.000000000000000  0.000000000000000 
 0.384615385000000  0.466666667000000  0.000000000000000  0.000000000000000 
 0.512820513000000  0.600000000000000  0.000000000000000  0.000000000000000 
 0.384615385000000  0.200000000000000  1.000000000000000  3.000000000000000 
 0.538461538000000  0.333333333000000  0.000000000000000  0.000000000000000 
 0.564102564000000  0.866666667000000  0.000000000000000  1.000000000000000 
 0.384615385000000  0.333333333000000  1.000000000000000  3.000000000000000 
 0.487179487000000  0.333333333000000  1.000000000000000  3.000000000000000 
 0.384615385000000  0.333333333000000  1.000000000000000  3.000000000000000 
 0.230769231000000  0.066666667000000  1.000000000000000  3.000000000000000 
 0.435897436000000  0.133333333000000  1.000000000000000  3.000000000000000 
 0.615384615000000  0.866666667000000  0.000000000000000  1.000000000000000 
 0.538461538000000  0.866666667000000  0.000000000000000  1.000000000000000 
 0.128205128000000  0.000000000000000  1.000000000000000  3.000000000000000 
 0.564102564000000  0.666666667000000  0.000000000000000  0.000000000000000 
 0.358974359000000  0.266666667000000  1.000000000000000  3.000000000000000 
 0.461538462000000  0.533333333000000  1.000000000000000  3.000000000000000 
 0.666666667000000  0.800000000000000  0.000000000000000  1.000000000000000 
 0.282051282000000  0.200000000000000  1.000000000000000  3.000000000000000 
 0.128205128000000  0.000000000000000  1.000000000000000  3.000000000000000 
 0.641025641000000  0.533333333000000  0.000000000000000  0.000000000000000 
 0.205128205000000  0.066666667000000  1.000000000000000  3.000000000000000 
 0.256410256000000  0.133333333000000  1.000000000000000  3.000000000000000 
 0.717948718000000  0.533333333000000  0.000000000000000  0.000000000000000 
 0.666666667000000  0.733333333000000  0.000000000000000  1.000000000000000 
 0.948717949000000  0.800000000000000  0.000000000000000  1.000000000000000 
 0.384615385000000  0.333333333000000  1.000000000000000  3.000000000000000 
 0.948717949000000  0.666666667000000  0.000000000000000  1.000000000000000 
 0.435897436000000  0.266666667000000  1.000000000000000  3.000000000000000 
 0.435897436000000  0.400000000000000  1.000000000000000  3.000000000000000 
 0.384615385000000  0.333333333000000  1.000000000000000  3.000000000000000 
 0.846153846000000  0.533333333000000  0.000000000000000  0.000000000000000 
 0.641025641000000  0.733333333000000  0.000000000000000  1.000000000000000 
 0.666666667000000  0.933333333000000  0.000000000000000  1.000000000000000 
 0.487179487000000  0.533333333000000  0.000000000000000  0.000000000000000 
 0.384615385000000  0.400000000000000  1.000000000000000  3.000000000000000 
 0.307692308000000  0.200000000000000  1.000000000000000  3.000000000000000 
 0.282051282000000  0.000000000000000  1.000000000000000  3.000000000000000 
 0.358974359000000  0.200000000000000  1.000000000000000  3.000000000000000 
 0.435897436000000  0.333333333000000  1.000000000000000  3.000000000000000 
 0.512820513000000  0.466666667000000  1.000000000000000  3.000000000000000 
 0.538461538000000  0.400000000000000  1.000000000000000  3.000000000000000 
 0.461538462000000  0.533333333000000  0.000000000000000  0.000000000000000 
 0.256410256000000  0.200000000000000  1.000000000000000  3.000000000000000 
 0.256410256000000  0.200000000000000  1.000000000000000  3.000000000000000 
 0.743589744000000  0.866666667000000  0.000000000000000  1.000000000000000 
 0.692307692000000  0.733333333000000  0.000000000000000  1.000000000000000 
 0.538461538000000  0.933333333000000  0.000000000000000  1.000000000000000 
 0.307692308000000  0.333333333000000  1.000000000000000  3.000000000000000 
 0.769230769000000  0.533333333000000  0.000000000000000  0.000000000000000 
 0.076923077000000  0.000000000000000  1.000000000000000  3.000000000000000 
 0.358974359000000  0.133333333000000  1.000000000000000  3.000000000000000 
 0.179487179000000  0.000000000000000  1.000000000000000  3.000000000000000 
 0.384615385000000  0.333333333000000  1.000000000000000  3.000000000000000 
 0.410256410000000  0.333333333000000  1.000000000000000  3.000000000000000 
