 0.296296296000000  0.625000000000000  1.000000000000000  1.000000000000000 
 0.222222222000000  0.416666667000000  1.000000000000000  1.000000000000000 
 0.148148148000000  0.500000000000000  1.000000000000000  1.000000000000000 
 0.111111111000000  0.458333333000000  1.000000000000000  1.000000000000000 
 0.259259259000000  0.666666667000000  1.000000000000000  1.000000000000000 
 0.407407407000000  0.791666667000000  1.000000000000000  1.000000000000000 
 0.111111111000000  0.583333333000000  1.000000000000000  1.000000000000000 
 0.259259259000000  0.583333333000000  1.000000000000000  1.000000000000000 
 0.037037037000000  0.375000000000000  1.000000000000000  1.000000000000000 
 0.222222222000000  0.458333333000000  1.000000000000000  1.000000000000000 
 0.407407407000000  0.708333333000000  1.000000000000000  1.000000000000000 
 0.185185185000000  0.583333333000000  1.000000000000000  1.000000000000000 
 0.185185185000000  0.416666667000000  1.000000000000000  1.000000000000000 
 0.000000000000000  0.416666667000000  1.000000000000000  1.000000000000000 
 0.555555556000000  0.833333333000000  1.000000000000000  1.000000000000000 
 0.518518519000000  1.000000000000000  1.000000000000000  1.000000000000000 
 0.407407407000000  0.791666667000000  1.000000000000000  1.000000000000000 
 0.296296296000000  0.625000000000000  1.000000000000000  1.000000000000000 
 0.518518519000000  0.750000000000000  1.000000000000000  1.000000000000000 
 0.296296296000000  0.750000000000000  1.000000000000000  1.000000000000000 
 0.407407407000000  0.583333333000000  1.000000000000000  1.000000000000000 
 0.296296296000000  0.708333333000000  1.000000000000000  1.000000000000000 
 0.111111111000000  0.666666667000000  1.000000000000000  1.000000000000000 
 0.296296296000000  0.541666667000000  1.000000000000000  1.000000000000000 
 0.185185185000000  0.583333333000000  1.000000000000000  1.000000000000000 
 0.259259259000000  0.416666667000000  1.000000000000000  1.000000000000000 
 0.259259259000000  0.583333333000000  1.000000000000000  1.000000000000000 
 0.333333333000000  0.625000000000000  1.000000000000000  1.000000000000000 
 0.333333333000000  0.583333333000000  1.000000000000000  1.000000000000000 
 0.148148148000000  0.500000000000000  1.000000000000000  1.000000000000000 
 0.185185185000000  0.458333333000000  1.000000000000000  1.000000000000000 
 0.407407407000000  0.583333333000000  1.000000000000000  1.000000000000000 
 0.333333333000000  0.875000000000000  1.000000000000000  1.000000000000000 
 0.444444444000000  0.916666667000000  1.000000000000000  1.000000000000000 
 0.222222222000000  0.458333333000000  1.000000000000000  1.000000000000000 
 0.259259259000000  0.500000000000000  1.000000000000000  1.000000000000000 
 0.444444444000000  0.625000000000000  1.000000000000000  1.000000000000000 
 0.222222222000000  0.458333333000000  1.000000000000000  1.000000000000000 
 0.037037037000000  0.416666667000000  1.000000000000000  1.000000000000000 
 0.296296296000000  0.583333333000000  1.000000000000000  1.000000000000000 
 0.259259259000000  0.625000000000000  1.000000000000000  1.000000000000000 
 0.074074074000000  0.125000000000000  1.000000000000000  1.000000000000000 
 0.037037037000000  0.500000000000000  1.000000000000000  1.000000000000000 
 0.259259259000000  0.625000000000000  1.000000000000000  1.000000000000000 
 0.296296296000000  0.750000000000000  1.000000000000000  1.000000000000000 
 0.518518519000000  0.333333333000000  0.000000000000000  0.000000000000000 
 0.740740741000000  0.541666667000000  0.000000000000000  0.000000000000000 
 0.222222222000000  0.166666667000000  0.000000000000000  0.000000000000000 
 0.851851852000000  0.375000000000000  0.000000000000000  0.000000000000000 
 0.333333333000000  0.291666667000000  0.000000000000000  0.000000000000000 
 0.259259259000000  0.000000000000000  0.000000000000000  0.000000000000000 
 0.592592593000000  0.416666667000000  0.000000000000000  0.000000000000000 
 0.629629630000000  0.083333333000000  0.000000000000000  0.000000000000000 
 0.666666667000000  0.375000000000000  0.000000000000000  0.000000000000000 
 0.481481481000000  0.375000000000000  0.000000000000000  0.000000000000000 
 0.888888889000000  0.458333333000000  0.000000000000000  0.000000000000000 
 0.481481481000000  0.416666667000000  0.000000000000000  0.000000000000000 
 0.555555556000000  0.291666667000000  0.000000000000000  0.000000000000000 
 0.703703704000000  0.083333333000000  0.000000000000000  0.000000000000000 
 0.481481481000000  0.208333333000000  0.000000000000000  0.000000000000000 
 0.592592593000000  0.500000000000000  0.000000000000000  0.000000000000000 
 0.666666667000000  0.333333333000000  0.000000000000000  0.000000000000000 
 0.740740741000000  0.208333333000000  0.000000000000000  0.000000000000000 
 0.666666667000000  0.333333333000000  0.000000000000000  0.000000000000000 
 0.777777778000000  0.375000000000000  0.000000000000000  0.000000000000000 
 0.851851852000000  0.416666667000000  0.000000000000000  0.000000000000000 
 0.925925926000000  0.333333333000000  0.000000000000000  0.000000000000000 
 0.888888889000000  0.416666667000000  0.000000000000000  0.000000000000000 
 0.629629630000000  0.375000000000000  0.000000000000000  0.000000000000000 
 0.518518519000000  0.250000000000000  0.000000000000000  0.000000000000000 
 0.444444444000000  0.166666667000000  0.000000000000000  0.000000000000000 
 0.444444444000000  0.166666667000000  0.000000000000000  0.000000000000000 
 0.555555556000000  0.291666667000000  0.000000000000000  0.000000000000000 
 0.629629630000000  0.291666667000000  0.000000000000000  0.000000000000000 
 0.407407407000000  0.416666667000000  0.000000000000000  0.000000000000000 
 0.629629630000000  0.583333333000000  0.000000000000000  0.000000000000000 
 0.888888889000000  0.458333333000000  0.000000000000000  0.000000000000000 
 0.740740741000000  0.125000000000000  0.000000000000000  0.000000000000000 
 0.481481481000000  0.416666667000000  0.000000000000000  0.000000000000000 
 0.444444444000000  0.208333333000000  0.000000000000000  0.000000000000000 
 0.444444444000000  0.250000000000000  0.000000000000000  0.000000000000000 
 0.666666667000000  0.416666667000000  0.000000000000000  0.000000000000000 
 0.555555556000000  0.250000000000000  0.000000000000000  0.000000000000000 
 0.259259259000000  0.125000000000000  0.000000000000000  0.000000000000000 
 0.481481481000000  0.291666667000000  0.000000000000000  0.000000000000000 
 0.518518519000000  0.416666667000000  0.000000000000000  0.000000000000000 
 0.518518519000000  0.375000000000000  0.000000000000000  0.000000000000000 
 0.703703704000000  0.375000000000000  0.000000000000000  0.000000000000000 
 0.296296296000000  0.208333333000000  0.000000000000000  0.000000000000000 
 0.518518519000000  0.333333333000000  0.000000000000000  0.000000000000000 
