 0.282051282000000  0.200000000000000  0.000000000000000 
 0.307692308000000  0.200000000000000  0.000000000000000 
 0.307692308000000  0.133333333000000  0.000000000000000 
 0.717948718000000  0.800000000000000  1.000000000000000 
 0.000000000000000  0.066666667000000  0.000000000000000 
 0.333333333000000  0.200000000000000  0.000000000000000 
 0.666666667000000  0.533333333000000  1.000000000000000 
 0.769230769000000  1.000000000000000  1.000000000000000 
 0.538461538000000  0.600000000000000  1.000000000000000 
 0.743589744000000  0.733333333000000  1.000000000000000 
